type    latitude    longitude   altitude (m)    name    desc
T   36.103844260    -106.964312204  2201.2  Test2   
T   36.113553466    -106.965672308  2267.4      
T   36.123282191    -106.967058246  2237.2      
T   36.133244117    -106.966044970  2236.1      
T   36.147311686    -106.963163791  2289.7      
T   36.157493091    -106.959733145  2281.1      
T   36.165502971    -106.958434246  2264.7      
T   36.173739069    -106.954725377  2284.3      
T   36.182201181    -106.948605724  2307.1      
T   36.188717121    -106.942207315  2316.0      
T   36.195232806    -106.935807503  2325.7      
T   36.201506900    -106.931805124  2324.5      
T   36.209937185    -106.925657457  2287.9      
T   36.210536864    -106.918368610  2308.7      
T   36.212925545    -106.913818424  2348.3      
T   36.219911790    -106.902610314  2326.0      
T   36.229294579    -106.886851206  2262.9      
T   36.232518928    -106.872617536  2255.7      
T   36.231200303    -106.865082248  2314.4      
T   36.230328082    -106.852725986  2264.1      
T   36.229209385    -106.842773618  2295.3      
T   36.226293607    -106.830107257  2289.5      
T   36.221220641    -106.819589970  2363.6      
T   36.215949965    -106.811498442  2430.7      
T   36.209066574    -106.800770418  2504.3      
T   36.203641290    -106.795119132  2512.3      
T   36.196757090    -106.784394731  2504.3      
T   36.192147149    -106.771569474  2411.4      
T   36.185291038    -106.760852827  2410.1      
T   36.174488422    -106.749577283  2427.6      
T   36.171039390    -106.744215364  2409.7      
T   36.164140724    -106.733492953  2413.9      
T   36.157694730    -106.717958419  2388.2      
T   36.152745245    -106.707511865  2367.9      
T   36.147568619    -106.699473730  2358.8      
T   36.143122011    -106.684213337  2313.3      
T   36.138437420    -106.671356304  2211.4      
T   36.137170354    -106.663856924  2281.4      
T   36.134404181    -106.651266102  2392.5      
T   36.133594535    -106.638940387  2432.5      
T   36.132553878    -106.629023350  2303.9      
T   36.133700827    -106.616956059  2170.5      
T   36.134577425    -106.607310520  2267.3      
T   36.135096303    -106.600122671  2349.2      
T   36.135958915    -106.588159823  2424.7      
T   36.136647008    -106.578604818  2491.7      
T   36.137333409    -106.569063256  2593.6      
T   36.142565543    -106.555145849  2574.1      
T   36.150097395    -106.541293148  2455.7      
T   36.157183429    -106.527664648  2404.2      
T   36.163883871    -106.518827504  2550.1      
T   36.170687590    -106.509924729  2552.4      
T   36.180179471    -106.493986081  2428.9      
T   36.186994740    -106.485060336  2274.0      
T   36.189931239    -106.475583888  2175.8      
T   36.192852844    -106.466110415  2078.9      
T   36.197922376    -106.454492488  1981.8      
T   36.201001559    -106.440382494  2095.0      
T   36.201489561    -106.433260722  2213.0      
T   36.202917792    -106.420888981  2220.2      
T   36.204346037    -106.404029094  2189.1      
T   36.205691547    -106.387252114  2145.7      
T   36.205028801    -106.374694278  1984.6      
T   36.204377446    -106.362104870  1888.2      
T   36.200010913    -106.346569219  1855.1      
T   36.197048402    -106.336254373  1885.2      
T   36.195984947    -106.326258299  1904.2      
T   36.192922951    -106.316049541  2077.7      
T   36.190076693    -106.303414578  1970.1      
T   36.187445390    -106.288352957  1897.3      
T   36.182631317    -106.275471885  1923.8      
T   36.177816206    -106.262593326  1956.8      
T   36.174525188    -106.254831301  1907.2      
T   36.167932282    -106.239327714  1852.0      
T   36.164846285    -106.229158458  1852.9      
T   36.158097710    -106.215990238  1900.1      
T   36.151415864    -106.202696430  1909.2      
T   36.141048150    -106.186415217  1885.0      
T   36.135637817    -106.180719150  1872.4      
T   36.131955848    -106.177737178  1884.5      
T   36.122632464    -106.171516465  1792.5      
T   36.115185003    -106.165730940  1799.5      
T   36.100297492    -106.154169618  1778.7      
T   36.092857466    -106.148393712  1802.7      
T   36.087379959    -106.142864230  1809.7      
T   36.076149207    -106.136247188  1786.1      
T   36.061407431    -106.124291465  1764.8      
T   36.044687210    -106.112106327  1749.0      
T   36.035299544    -106.106054151  1796.1      
T   36.020324409    -106.096509620  1748.0      
T   36.010541351    -106.095205181  1755.0      
T   36.002928624    -106.091711207  1727.0      
T   35.995100899    -106.090668110  1729.7      
T   35.985315762    -106.089364558  1722.8      
T   35.973572786    -106.087800703  1716.7      
T   35.956167532    -106.083018599  1695.2      
T   35.948336260    -106.081990843  1694.1      
T   35.936581034    -106.080543813  1718.2      
T   35.926580524    -106.081751608  1729.2      
T   35.923153970    -106.098616917  1715.3      
T   35.920146205    -106.110610360  1736.4      
T   35.918884750    -106.125287374  1699.8      
T   35.918043309    -106.135066472  1715.4      
T   35.916994051    -106.147219029  1810.3      
T   35.914203677    -106.156604857  1836.2      
T   35.911203017    -106.168403152  1866.3      
T   35.910361269    -106.178145599  1907.3      
T   35.907352440    -106.190109758  1932.4      
T   35.904555250    -106.199620912  1840.2      
T   35.901547845    -106.211569671  1934.5      
T   35.900704019    -106.221330305  2000.4      
T   35.899649150    -106.233502124  2090.1      
T   35.896643015    -106.245402949  2057.7      
T   35.893848298    -106.254865660  2062.7      
T   35.888893281    -106.266529645  2126.5      
T   35.880674022    -106.270353773  2175.5      
T   35.872247031    -106.276618086  2159.0      
T   35.866187499    -106.278212790  2136.9      
T   35.856015419    -106.281660374  2133.2      
T   35.849536066    -106.288117166  2168.4      
T   35.842848009    -106.296995375  2191.2      
T   35.833792465    -106.310442309  2152.5      
T   35.831006520    -106.319855331  2219.3      
T   35.829959220    -106.331945794  2245.2      
T   35.828911112    -106.344030829  2268.4      
T   35.831549432    -106.359076292  2308.0      
T   35.838145989    -106.375065767  2465.1      
T   35.843178569    -106.385794425  2543.8      
T   35.849920738    -106.399128879  2778.3      
T   35.852729489    -106.411551706  2753.2      
T   35.857035250    -106.428902796  2822.3      
T   35.857904033    -106.441094806  2605.1      
T   35.858991454    -106.450942752  2598.3      
T   35.861593355    -106.465862060  2593.2      
T   35.866562577    -106.476268341  2594.6      
T   35.871529278    -106.486672410  2601.9      
T   35.878433287    -106.497349058  2617.2      
T   35.883180910    -106.510214495  2774.0      
T   35.884262008    -106.520129748  2852.0      
T   35.883405897    -106.529786236  3014.4      
T   35.882333871    -106.541802293  3089.7      
T   35.879539909    -106.551102406  3210.4      
T   35.875027158    -106.557758768  3333.3      
T   35.868152948    -106.568930526  3292.9      
T   35.867063168    -106.580797191  2850.7      
T   35.868115434    -106.590516877  2590.0      
T   35.871109911    -106.600532261  2722.6      
T   35.873895436    -106.612977481  2567.1      
T   35.876680705    -106.625424726  2387.8      
T   35.875805415    -106.634993521  2356.0      
T   35.874935314    -106.644589185  2343.1      
T   35.872121436    -106.653914520  2437.6      
T   35.867379658    -106.662985249  2630.8      
T   35.862638583    -106.672036425  2616.2      
T   35.856597732    -106.673622635  2615.0      
T   35.850116148    -106.679996799  2598.3      
T   35.841910293    -106.683708098  2536.2      
T   35.833481731    -106.689814352  2512.9      
T   35.826992518    -106.696190938  2430.6      
T   35.814442918    -106.704157417  2475.8      
T   35.805985217    -106.710273068  2464.9      
T   35.789716094    -106.715320135  2427.0      
T   35.777329219    -106.720908795  2378.3      
T   35.769051936    -106.724641051  2333.2      
T   35.760964346    -106.725983813  2287.7      
T   35.754842438    -106.727590219  2253.9      
T   35.744600131    -106.731055467  2209.5      
T   35.734396914    -106.734507754  2230.9      
T   35.724384925    -106.735566259  2167.7      
T   35.716116266    -106.739292663  2098.5      
T   35.708072727    -106.740615170  2118.6      
T   35.709630360    -106.745674483  1809.4      
T   35.646149352    -106.768510764  1931.2      
T   35.625479225    -106.777810537  1893.8      
T   35.541693509    -106.844212411  1682.0      
T   35.536924647    -106.853256399  1753.6      
T   35.535842701    -106.865247519  1736.6      
T   35.541914051    -106.863677468  1698.1      
T   35.552106288    -106.860260312  1690.3      
T   35.558219272    -106.858668097  1703.2      
T   35.566305372    -106.857339515  1754.3      
T   35.576139600    -106.858676532  1787.1      
T   35.588169867    -106.857872259  1834.4      
T   35.596040900    -106.858935142  1847.4      
T   35.614023885    -106.861142073  1981.4      
T   35.629698260    -106.863283304  2141.7      
T   35.641419229    -106.864910051  2045.5      
T   35.651184806    -106.866265789  1993.3      
T   35.662901279    -106.867892798  2031.9      
T   35.670710924    -106.868977567  2078.2      
T   35.680471399    -106.870333595  2100.6      
T   35.690009724    -106.874086293  2125.3      
T   35.697604324    -106.877557797  2140.4      
T   35.710602908    -106.886639755  2138.3      
T   35.721881955    -106.893035646  2077.8      
T   35.728986280    -106.901349724  2057.9      
T   35.736337436    -106.907234291  2046.8      
T   35.748095460    -106.908764561  2046.4      
T   35.755926982    -106.909784034  2060.9      
T   35.759830129    -106.910312270  2114.3      
T   35.775385416    -106.912525139  2105.8      
T   35.787067200    -106.914152686  2111.3      
T   35.796800056    -106.915509079  2085.7      
T   35.804817281    -106.914171926  2101.0      
T   35.813062880    -106.910413505  2326.5      
T   35.825188584    -106.907212510  2240.1      
T   35.833190330    -106.905895338  2210.6      
T   35.837075746    -106.906449689  2196.1      
T   35.846790149    -106.907835827  2212.3      
T   35.856472556    -106.909461598  2231.8      
T   35.866418368    -106.908491782  2207.9      
T   35.878318697    -106.907714370  2168.4      
T   35.888270405    -106.906740096  2196.6      
T   35.896054413    -106.907834199  2194.8      
T   35.903615624    -106.911348488  2208.0      
T   35.914404461    -106.922675561  2171.8      
T   35.919578975    -106.930765429  2107.2      
T   35.934047951    -106.945081493  2092.1      
T   35.945069486    -106.954007466  2081.8      
T   35.956319888    -106.960536189  2078.7      
T   35.963887588    -106.964053226  2121.4      
T   35.977057888    -106.970758388  2098.5      
T   35.980951250    -106.971307645  2100.4      
T   35.993884344    -106.980403489  2078.0      
T   36.003151068    -106.986558210  2087.5      
T   36.014127497    -106.995376829  2124.3      
T   36.021446082    -107.001264847  2235.5      
T   36.034155546    -107.012815400  2276.8      
T   36.045199003    -107.021804950  2271.8      
T   36.059909995    -107.033757764  2194.2      
T   36.069178193    -107.039945664  2204.4      
T   36.088163132    -107.047507596  2239.4      
T   36.089296765    -107.035468754  2273.3      
T   36.090429169    -107.023429239  2234.6      
T   36.091560398    -107.011389026  2183.6      
T   36.096803671    -106.997488407  2165.8      
T   36.103537353    -106.988677412  2170.2      
T   36.108326610    -106.979591476  2186.9      
T   36.111151188    -106.970204740  2232.1      
T   36.111375325    -106.967794741  2228.3